% Script para graficar tiempos y correr t_tests

% Cargo data:
tiempos_inm_nc = [2294, 1689, 2565, 1030, 1121, 1418, 1350, 1406, 2294, 1150, 754, 2716, 1386, 1506, 2014, 3426, 726, 586, 1062, 1538, 3333, 645, 878, 542, 814, 662, 774, 606, 566, 654, 1774, 498, 4757, 4541, 877, 310, 649, 2649, 666, 630, 474, 942, 592, 721, 2942, 2630, 1893, 391, 721, 598, 337, 3815, 1362, 433, 318, 730, 1070, 102, 605, 590, 1278, 990, 350, 796, 158, 633, 549, 769, 869, 910, 1095, 458, 721, 665, 1274, 1085, 642, 1142, 645, 510, 374, 1222, 662, 894, 642, 501, 511, 618, 825, 694, 1226, 476, 967, 574, 390, 334, 870, 350, 414, 686, 642, 285, 426, 942, 366, 716, 2965, 1138, 890, 802, 1318, 974, 650, 2234, 486, 870, 1390, 794, 717, 1286, 594, 774, 658, 1018, 1281, 1094, 394, 446, 541, 379, 621, 157, 653, 985, 726, 895, 469, 669, 477, 850, 941, 429, 1101, 1202, 953, 874, 1478, 1202, 1109, 1314, 1250, 1830, 1254, 1918, 1510, 1278, 902, 1026, 2482, 2166, 1314, 2022, 2158, 1886, 878, 1766, 1798, 1206, 1161, 1966, 1006, 753, 1645, 718, 1292, 778, 777, 1057, 610, 1174, 866, 1394, 1925, 1009, 2193, 677, 949, 669, 825, 502, 2718, 457, 1162, 466, 1130, 550, 482, 1221, 886, 981, 414, 1101, 516, 581, 357, 494, 685, 511, 1133, 598, 578, 1184, 1181, 218, 586, 1462, 2452, 662, 2045, 695, 662, 711, 374, 707, 484, 569, 570, 1359, 739, 680, 620, 597, 653, 1083, 429, 647, 697, 541, 589, 510, 628, 1002, 708, 579, 635, 610, 1044, 711, 558, 526, 962, 1674, 1002, 891, 737, 981, 990, 692, 702, 695, 498, 816, 986, 1111, 1045, 836, 1022, 1184, 1255, 732, 773, 602, 682, 670, 835, 421, 501, 800, 547, 1045, 582, 396, 3176, 1859, 677, 861, 664, 510, 643, 781, 755, 1042, 1525, 835, 1134, 1309, 530, 1538, 1046, 639, 493, 333, 422, 568, 518, 611, 482, 513, 647, 618, 621, 581, 295, 382, 542, 686, 446, 1804, 531, 430, 807, 649, 1598, 2606, 850, 635, 741, 1609, 1328, 605, 809, 676, 701, 835, 666, 638, 573, 520, 1250, 1248, 742, 1145, 1530, 578, 1280, 617, 1042, 795, 455, 699, 344, 511, 659, 535, 712, 562, 695, 687, 834, 1961, 1238, 690, 1056, 474, 805, 760, 467, 519, 1018, 418, 515, 526, 665, 466, 461, 689, 2331, 448, 825, 559, 661, 524, 908, 416, 1091, 381, 432, 451, 833, 491, 842, 639, 939, 583, 589, 626, 3578, 1082, 786, 1050, 842, 1594, 765, 714, 1143, 630, 766, 730, 622, 1533, 1058, 958, 699, 1529, 1066, 1629, 1075, 1445, 626, 893, 694, 997, 1246, 566, 510, 670, 554, 1326, 1502, 753, 703, 1294, 1230, 730];
tiempos_inm_c = [1155, 529, 562, 601, 770, 781, 633, 593, 709, 445, 373, 357, 545, 661, 1781, 489, 341, 757, 865, 561, 717, 537, 517, 1089, 2565, 333, 1357, 861, 437, 302, 414, 414, 606, 341, 570, 366, 429, 1170, 470, 582, 550, 610, 1028, 453, 674, 865, 650, 938, 654, 642, 986, 566, 754, 594, 966, 558, 902, 637, 761, 1182, 629, 925, 877, 672, 621, 609, 1033, 793, 549, 665, 885, 1061, 814, 325, 1303, 597, 334, 334, 458, 670, 466, 399, 373, 430, 506, 350, 465, 421, 387, 365, 386, 458, 454, 550, 374, 590, 493, 333, 622, 1438, 538, 449, 610, 830, 614, 433, 1374, 614, 557, 509, 637, 910, 653, 510, 769, 685, 765, 581, 670, 669, 473, 221, 762, 578, 865, 645, 697, 822, 1497, 738, 790, 454, 590, 637, 886, 1050, 134, 626, 1010, 762, 749, 538, 326, 674, 654, 526, 422, 326, 678, 829, 510, 426, 654, 642, 525, 529, 621, 458, 561, 733, 346, 1082, 658, 582, 406, 397, 731, 301, 318, 181, 933, 506, 681, 650, 730, 485, 458, 1294, 1370, 447, 533, 494, 589, 575, 1110, 517, 621, 482, 486, 651, 757, 702, 1214, 474, 893, 580, 1745, 874, 1137, 885, 706, 2917, 717, 594, 586, 1566, 454, 438, 446, 441, 926, 798, 486, 794, 718, 878, 594, 1154, 781, 618, 758, 642, 758, 518, 406, 134, 574, 598, 414, 326, 390, 473, 469, 1221, 433, 445, 429, 317, 505, 2898, 1286, 842, 850, 826, 1098, 686, 690, 781, 954, 2718, 809, 2026, 621, 437, 701, 865, 901, 1213, 829, 854, 713, 1109, 961, 1193, 698, 621, 2354, 1342, 617, 1173, 1294, 981, 782, 597, 606, 767, 1110, 581, 542, 485, 930, 381, 606, 848, 573, 590, 594, 885, 1869, 601, 705, 658, 990, 619, 1489, 1526, 874, 1318, 830, 910, 1139, 901, 2462, 814, 805, 658, 1798, 1190, 610, 3798, 1034, 782, 2134, 1005, 2270, 839, 789, 566, 1294, 661, 902, 710, 2754, 1215, 1866, 581, 1053, 2466, 1665, 626, 1349, 586, 2189, 505, 597, 453, 502, 1294, 874, 661, 622, 834, 694, 570, 1337, 1402, 2333, 1202, 530, 2581, 1310, 782, 502, 805, 726, 662, 1741, 1613, 497, 589, 417, 526, 742, 586, 301, 554, 698, 456, 614, 466, 637, 786, 685, 705, 574, 446, 406, 490, 430, 413, 502, 450, 1150, 753, 698, 606, 498, 518, 466, 534, 567, 357, 463, 582, 526, 429, 686, 426, 494, 614, 570, 510, 494, 879, 473, 1182, 1066, 666, 1153, 1018, 1510, 618, 646, 800, 818, 1838, 630, 902, 710, 830, 674, 546, 1258, 366, 778, 870, 686, 414, 574, 606, 1127, 429, 590, 631, 498, 590, 722, 3509, 1476, 1738, 913, 866, 954, 1026, 1485, 1273, 1006, 936, 1033, 3766, 765, 493, 1189, 536, 1173, 1133, 1013, 2885, 1105, 1356, 650, 625, 4526, 1418, 966, 1282, 1070, 1070, 886, 926, 734, 1413, 1869, 1021, 750, 1629, 625, 653, 1477, 665, 877, 1237, 1246, 889, 799, 403, 2929, 560, 506, 686, 386, 710, 1227, 485, 442, 969, 614, 422, 598, 391, 517, 246, 434, 598, 522, 758, 418, 446, 458, 1454, 910, 1511, 1094, 261, 310, 542, 413, 582, 454, 454, 542, 489, 650, 561, 705, 665, 946, 741, 486, 721, 1733, 349, 785, 985, 753, 1058, 1278, 650, 782, 729, 694, 581, 965, 501, 293, 565, 796, 678, 882, 605, 491, 885, 618, 2552, 724, 713, 674, 454, 617, 1017, 590, 746, 882, 414, 674, 382, 646, 758, 606, 990, 450, 650, 762, 766, 298, 330, 1526, 982, 142, 278, 286, 390, 278, 294, 338, 685, 430, 594, 542, 758, 966, 402, 849, 1573, 1525, 1073, 585, 1310, 578, 925, 778, 552, 637, 693, 669, 501, 538, 453, 3117, 685, 737, 829, 717, 529, 633, 602, 526, 538, 694, 578, 686, 630, 710, 662, 269, 622, 374, 457, 482, 871, 777, 668, 683, 562];
tiempos_inm_prof_1_nc = [2294, 1689, 1121, 1350, 1406, 2294, 754, 2014, 726, 586, 645, 878, 542, 662, 606, 310, 666, 592, 2630, 1893, 391, 337, 318, 730, 1278, 990, 350, 665, 1274, 645, 510, 374, 894, 642, 694, 1226, 390, 334, 870, 414, 802, 650, 486, 870, 1390, 594, 1094, 394, 541, 379, 157, 429, 953, 874, 1314, 1830, 1254, 1918, 902, 2166, 1314, 1886, 878, 1766, 1206, 1966, 1292, 1057, 610, 1394, 1009, 677, 949, 669, 457, 550, 482, 414, 1101, 516, 357, 494, 218, 586, 1462, 695, 374, 707, 484, 1359, 739, 653, 1083, 429, 541, 589, 628, 708, 526, 1002, 692, 695, 498, 816, 1022, 602, 682, 501, 800, 547, 582, 781, 755, 1042, 530, 639, 493, 333, 568, 647, 618, 295, 382, 542, 446, 430, 741, 605, 809, 666, 638, 573, 520, 742, 1280, 617, 455, 699, 344, 474, 805, 519, 418, 515, 526, 689, 2331, 559, 661, 416, 1091, 381, 451, 842, 786, 1050, 1594, 714, 1143, 630, 766, 1058, 1629, 1445, 626, 997, 1246, 510, 1326];
tiempos_inm_prof_1_c = [601, 633, 445, 373, 357, 489, 717, 517, 1089, 437, 302, 414, 606, 366, 453, 650, 938, 986, 754, 558, 902, 637, 877, 672, 549, 665, 325, 1303, 334, 465, 386, 550, 374, 590, 622, 830, 614, 433, 509, 637, 910, 510, 685, 578, 865, 1497, 738, 790, 454, 1050, 749, 326, 674, 326, 678, 829, 621, 1082, 582, 406, 397, 933, 506, 485, 1294, 1370, 494, 589, 575, 517, 580, 1137, 594, 454, 438, 446, 794, 781, 758, 642, 134, 574, 598, 326, 469, 826, 1098, 954, 809, 621, 437, 701, 854, 713, 621, 1342, 617, 606, 767, 1110, 542, 381, 1869, 705, 658, 1489, 1318, 830, 910, 805, 658, 3798, 782, 789, 566, 1294, 661, 1665, 626, 505, 453, 502, 1294, 834, 2333, 530, 502, 805, 726, 1741, 589, 456, 786, 705, 574, 446, 406, 502, 450, 606, 518, 466, 357, 463, 582, 429, 494, 666, 1153, 618, 800, 630, 902, 710, 674, 366, 778, 414, 574, 606, 429, 631, 866, 954, 1273, 936, 765, 493, 1189, 2885, 1105, 4526, 966, 1282, 734, 1413, 1869, 750, 653, 560, 506, 1227, 442, 614, 422, 598, 434, 758, 446, 458, 1094, 261, 542, 582, 561, 705, 665, 741, 486, 785, 1278, 782, 729, 501, 293, 565, 678, 724, 1017, 746, 414, 758, 766, 330, 142, 278, 286, 278, 685, 1573, 585, 778, 552, 693, 669, 501, 685, 737, 526, 694, 578, 662, 269, 622, 374, 482];
